00000000000000000000000000000000
00000000000000000000000000000000
00000000000000000000000000000000
00000000000001110000000000000000
00000000000011111000000000000000
00000000001111111100000000000000
00000000011110001110000000000000
00000000111100000110000000000000
00000000111000000111000000000000
00000001110000000111000000000000
00000001110000000111000000000000
00000001110000000111000000000000
00000001110000000110000000000000
00000001110000001110000000000000
00000011100000001110000000000000
00000011100000001110000000000000
00000001100000001110000000000000
00000001110000001110000000000000
00000001110000001110000000000000
00000001110000001110000000000000
00000000110000001110000000000000
00000000110000001110000000000000
00000000011000011100000000000000
00000000011100011100000000000000
00000000001111111000000000000000
00000000000111110000000000000000
00000000000011000000000000000000
00000000000000000000000000000000
00000000000000000000000000000000
00000000000000000000000000000000
00000000000000000000000000000000
00000000000000000000000000000000
