00000000000000000000000000000000
00000000000000000000000000000000
00000000000000000000000000000000
00000000000111000000000000000000
00000000001111110000000000000000
00000000011111111000000000000000
00000000001100011110000000000000
00000000001000001111000000000000
00000000001100000011100000000000
00000000011100000001110000000000
00000000111000000000110000000000
00000001110000000000011000000000
00000001110000000000011000000000
00000001110000000000011100000000
00000001110000000000011100000000
00000001110000000000011100000000
00000001110000000000011100000000
00000000110000000000011100000000
00000000111000000000011100000000
00000000011100000000111000000000
00000000001111111111110000000000
00000000000111111111100000000000
00000000000011111110000000000000
00000000000000000000000000000000
00000000000000000000000000000000
00000000000000000000000000000000
00000000000000000000000000000000
00000000000000000000000000000000
00000000000000000000000000000000
00000000000000000000000000000000
00000000000000000000000000000000
00000000000000000000000000000000
