00000000000000000000000000000000
00000000000000000000000000000000
00000000000000000000000000000000
00000000000000000000000000000000
00000000000000000000000000000000
00000000000001110000000000000000
00000000000011111000000000000000
00000000000111111000000000000000
00000000001111100000000000000000
00000000011111110000000000000000
00000000011001111000000000000000
00000000111000011100000000000000
00000000111000001100000000000000
00000000110000001110000000000000
00000001110000001110000000000000
00000001110000000110000000000000
00000001110000000110000000000000
00000011100000000011000000000000
00000011100000000011000000000000
00000011100000000011100000000000
00000011100000000011100000000000
00000001100000000011100000000000
00000001100000000011100000000000
00000000110000000011100000000000
00000000111000000011100000000000
00000000011111111111100000000000
00000000001111111111000000000000
00000000000111111110000000000000
00000000000000000000000000000000
00000000000000000000000000000000
00000000000000000000000000000000
00000000000000000000000000000000
