00000000000000000000000000000000
00000000000000000000000000000000
00000000000000000000000000000000
00000000000000000000000000000000
00000000000000000000000000000000
00000000000000000000000000000000
00000000000111000000000000000000
00000000001111110000000000000000
00000000011111111000000000000000
00000000111000011111000000000000
00000000110000001111100000000000
00000001110000000001100000000000
00000001110000000001110000000000
00000001100000000000110000000000
00000011100000000000111000000000
00000011100000000000111000000000
00000001100000000001110000000000
00000001100000000001110000000000
00000000110000000011100000000000
00000000111000011111000000000000
00000000011111111110000000000000
00000000001111111000000000000000
00000000000111100000000000000000
00000000000000000000000000000000
00000000000000000000000000000000
00000000000000000000000000000000
00000000000000000000000000000000
00000000000000000000000000000000
00000000000000000000000000000000
00000000000000000000000000000000
00000000000000000000000000000000
00000000000000000000000000000000
