00000000000000000000000000000000
00000000000000000000000000000000
00000000000000000000000000000000
00000000000000000000000000000000
00000000000000000000000000000000
00000000000000000000000000000000
00000000001111100000000000000000
00000000011111110000000000000000
00000000011111111100000000000000
00000000000000011100000000000000
00000000000000001110000000000000
00000000000000001110000000000000
00000000000000001110000000000000
00000000000000000110000000000000
00000000000000000111000000000000
00000000000000001110000000000000
00000000000000001110000000000000
00000000000000001100000000000000
00000000000000011100000000000000
00000000000000111000000110000000
00000000000000110000111111000000
00000000000011110011111111000000
00000000000111111111111000000000
00000000011111111110000000000000
00000000111111110000000000000000
00000001111111000000000000000000
00000001111110000000000000000000
00000001110000000000000000000000
00000000000000000000000000000000
00000000000000000000000000000000
00000000000000000000000000000000
00000000000000000000000000000000
