00000000000000000000000000000000
00000000000000000000000000000000
00000000000000000000000000000000
00000000000000000011100000000000
00000000000000000111100000000000
00000000000000001111100000000000
00000000000000011111100000000000
00000000000000011111100000000000
00000000000000111111100000000000
00000000000001111111100000000000
00000000000011111111100000000000
00000000000011110111100000000000
00000000000111110111100000000000
00000000001111100111100000000000
00000000011111000111100000000000
00000000111110000111100000000000
00000000111110000111100000000000
00000001111100000111100000011000
00000001111111111111111111111110
00000001111111111111111111111110
00000000111111111111111111111110
00000000001111111111111111110000
00000000000000000111100000000000
00000000000000000111100000000000
00000000000000000111100000000000
00000000000000000111100000000000
00000000000000000011100000000000
00000000000000000000000000000000
00000000000000000000000000000000
00000000000000000000000000000000
00000000000000000000000000000000
00000000000000000000000000000000
