00000000000000000000000000000000
00000000000000000000000000000000
00000000000000000000000000000000
00000000000000000000000000000000
00000000000011100001110000000000
00000000000111110011110000000000
00000000001111100011110000000000
00000000011111000011110000000000
00000000011111000011110000000000
00000000111110000011110000000000
00000000111110000011110000000000
00000000111100000011110000000000
00000000111100000111111110000000
00000001111111111111111111100000
00000001111111111111111111100000
00000000111111111111111111100000
00000000001111111111110000000000
00000000000000000111110000000000
00000000000000000111100000000000
00000000000000000111100000000000
00000000000000000111100000000000
00000000000000000111100000000000
00000000000000000111100000000000
00000000000000000111100000000000
00000000000000000011100000000000
00000000000000000000000000000000
00000000000000000000000000000000
00000000000000000000000000000000
00000000000000000000000000000000
00000000000000000000000000000000
00000000000000000000000000000000
00000000000000000000000000000000
