00000000000000000000000000000000
00000000000000000000000000000000
00000000000000000000000000000000
00000000000000000000000000000000
00000000000000000000000000000000
00000000000000000000000000000000
00000000000000000000000000000000
00000000000000000000000000000000
00000000000111000000000000000000
00000000001111100000000000000000
00000000011111000000000000000000
00000000111110001110000000000000
00000000111110011110000000000000
00000001111100011110000000000000
00000001111100011110000000000000
00000001111000011110000000000000
00000001111000011111000000000000
00000001111000011111000000000000
00000001111000001111110000000000
00000001111000001111111000000000
00000011111100001111111000000000
00000011111111111111111110000000
00000001111111111111111110000000
00000000111111111111111110000000
00000000000011111111000000000000
00000000000000011111000000000000
00000000000000011110000000000000
00000000000000011110000000000000
00000000000000011110000000000000
00000000000000011110000000000000
00000000000000011110000000000000
00000000000000011110000000000000
