00000000000000000000000000000000
00000000000000010000000000000000
00000000000000111000000000000000
00000000000000111000000000000000
00000000000000111000000000000000
00000000000000110000000000000000
00000000000001110000000000000000
00000000000001110000000000000000
00000000100001110000000000000000
00000001110001110000000000000000
00000001110001110000000000000000
00000011100001110000000000000000
00000011100001110000000000000000
00000111000001110000000000000000
00000111000001110000000000000000
00001110000001100000000000000000
00001110000011100000000000000000
00011100000011100111100000000000
00011111111111111111100000000000
00001111111111111111000000000000
00001111111111111000000000000000
00000000000011100000000000000000
00000000000011000000000000000000
00000000000111000000000000000000
00000000000111000000000000000000
00000000000111000000000000000000
00000000000111000000000000000000
00000000000111000000000000000000
00000000000111000000000000000000
00000000000011000000000000000000
00000000000010000000000000000000
00000000000000000000000000000000
