00000000000000000000000000000000
00000000000000000000000000000000
00000000000000000000000000000000
00000000000000000000000000000000
00000000000010000000000000000000
00000000000111000000000000000000
00000000001110000100000000000000
00000000001100001110000000000000
00000000011100001110000000000000
00000000111000001110000000000000
00000001110000001110000000000000
00000001100000001110000000000000
00000011100000001110000000000000
00000011100000001110000000000000
00000111000000001110000000000000
00001110000000001110000000000000
00011100000000001100000000000000
00011100000000111111111100000000
00011111111111111111111110000000
00011111111111111111111110000000
00000111111110011100000000000000
00000000000000011100000000000000
00000000000000011100000000000000
00000000000000011000000000000000
00000000000000011000000000000000
00000000000000111000000000000000
00000000000000111000000000000000
00000000000000111000000000000000
00000000000000011000000000000000
00000000000000010000000000000000
00000000000000000000000000000000
00000000000000000000000000000000
