00000000000000000000000000000000
00000000000000000000000000000000
00000000000000000000000000000000
00000000000000000000000000000000
00000000000000000000000000000000
00000000000000000000000000000000
00000000000000000000000000000000
00000000000000110000000000000000
00000000000001110000000000000000
00000000000011100000000000000000
00000000000111000000000000000000
00000000000110000000000000000000
00000000001110000000000000000000
00000000011100000001000000000000
00000000011000000011100000000000
00000000111000000011100000000000
00000001110000000011100000000000
00000001100000000011100000000000
00000011100000000011111100000000
00000111000000001111111100000000
00000111100000011111111000000000
00000011111111111111000000000000
00000011111111110111000000000000
00000000011111000111000000000000
00000000000000000111000000000000
00000000000000000111000000000000
00000000000000000111000000000000
00000000000000000111000000000000
00000000000000000011000000000000
00000000000000000010000000000000
00000000000000000000000000000000
00000000000000000000000000000000
