00000000000000000000000000000000
00000000000000000000000000000000
00000000000000000000000000000000
00000000000000000000000000000000
00000000000001111111100000000000
00000000000111111111110000000000
00000000001111111111110000000000
00000000001110000000000000000000
00000000001110000000000000000000
00000000001110000000000000000000
00000000001110000000000000000000
00000000001110000000000000000000
00000000001111000000000000000000
00000000000111100000000000000000
00000000000111110000000000000000
00000000000000110000000000000000
00000000000000111000000000000000
00000000000000111000000000000000
00000000000000111000000000000000
00000000000000111000000000000000
00000000000000111000000000000000
00000000000000110000000000000000
00000000100011110000000000000000
00000001111111100000000000000000
00000001111111000000000000000000
00000000011100000000000000000000
00000000000000000000000000000000
00000000000000000000000000000000
00000000000000000000000000000000
00000000000000000000000000000000
00000000000000000000000000000000
00000000000000000000000000000000
