00000000000000000000000000000000
00000000000000000100000000000000
00000000000000111110000000000000
00000000000011111110000000000000
00000000001111111000000000000000
00000000011110000000000000000000
00000000011000000000000000000000
00000000111000000000000000000000
00000001110000000000000000000000
00000001110000000000000000000000
00000011100011100000000000000000
00000011101111111110000000000000
00000011111111111111100000000000
00000111111000001111100000000000
00000111110000000000110000000000
00000111000000000000111000000000
00001110000000000000111000000000
00000110000000000000111000000000
00000111000000000000111000000000
00000011000000000000111000000000
00000001111000000111110000000000
00000001111111111111100000000000
00000000111111111110000000000000
00000000000111110000000000000000
00000000000000000000000000000000
00000000000000000000000000000000
00000000000000000000000000000000
00000000000000000000000000000000
00000000000000000000000000000000
00000000000000000000000000000000
00000000000000000000000000000000
00000000000000000000000000000000
