00000000000000000000000000000000
00000000000000000000000000000000
00000000000000000000000000000000
00000000000000000000000000000000
00000000000000000000000000000000
00000000000000000110000000000000
00000000000000011110000000000000
00000000000000111100000000000000
00000000000001110000000000000000
00000000000011100000000000000000
00000000000111000000000000000000
00000000001110000000000000000000
00000000011100000000000000000000
00000000111000000000000000000000
00000000111000000000000000000000
00000001110000000000000000000000
00000001110000000000000000000000
00000001110000011110000000000000
00000001110001111111000000000000
00000001110011111111100000000000
00000001110111100001110000000000
00000001110110000001110000000000
00000001110000000001100000000000
00000000110000000011100000000000
00000000111000000011100000000000
00000000011111111111100000000000
00000000001111111111000000000000
00000000000011111110000000000000
00000000000000000000000000000000
00000000000000000000000000000000
00000000000000000000000000000000
00000000000000000000000000000000
