00000000000000000000000000000000
00000000000000000000000000000000
00000000000000000110000000000000
00000000000000011111000000000000
00000000000000111111000000000000
00000000000011111000000000000000
00000000000111100000000000000000
00000000000110000000000000000000
00000000001110000000000000000000
00000000001110000000000000000000
00000000011100000000000000000000
00000000011100000000000000000000
00000000011100000000000000000000
00000000011111111000000000000000
00000000011111111111000000000000
00000000011111111111100000000000
00000000011100000011110000000000
00000000011100000000110000000000
00000000011100000000111000000000
00000000001110000001110000000000
00000000001111111111110000000000
00000000000111111111100000000000
00000000000001111110000000000000
00000000000000000000000000000000
00000000000000000000000000000000
00000000000000000000000000000000
00000000000000000000000000000000
00000000000000000000000000000000
00000000000000000000000000000000
00000000000000000000000000000000
00000000000000000000000000000000
00000000000000000000000000000000
