00000000000000000000000000000000
00000000000000000000000000000000
00000000000000000000000000000000
00000000000000000000000000000000
00000000000000000100000000000000
00000000000000111110000000000000
00000000000001111110000000000000
00000000000011111000000000000000
00000000000111000000000000000000
00000000001110000000000000000000
00000000001110000000000000000000
00000000011100000000000000000000
00000000011100000000000000000000
00000000111000000000000000000000
00000000111000000000000000000000
00000001110011110000000000000000
00000001110111111100000000000000
00000001110111111110000000000000
00000001110000000111000000000000
00000001110000000011100000000000
00000000110000000001110000000000
00000000111000000111100000000000
00000000011111111111000000000000
00000000001111111110000000000000
00000000000111111000000000000000
00000000000000000000000000000000
00000000000000000000000000000000
00000000000000000000000000000000
00000000000000000000000000000000
00000000000000000000000000000000
00000000000000000000000000000000
00000000000000000000000000000000
