00000000000000000000000000000000
00000000000000000000000000000000
00000000000000000000000000000000
00000000000000000000000000000000
00000000000000000000000000000000
00000000000000001100000000000000
00000000000000011100000000000000
00000000000000111000000000000000
00000000000001110000000000000000
00000000000011100000000000000000
00000000000111000000000000000000
00000000000110000000000000000000
00000000001110000000000000000000
00000000001110000000000000000000
00000000011100000000000000000000
00000000011100000000000000000000
00000000011100111100000000000000
00000000011101111110000000000000
00000000011101111111000000000000
00000000011100000011100000000000
00000000111000000001110000000000
00000000011000000001110000000000
00000000011000000001110000000000
00000000011100000001110000000000
00000000001100000001110000000000
00000000001110000001110000000000
00000000000111111111100000000000
00000000000011111111000000000000
00000000000001111100000000000000
00000000000000000000000000000000
00000000000000000000000000000000
00000000000000000000000000000000
