00000000000000000000000000000000
00000000001110000000000000000000
00000000111111100000000000000000
00000001111111111000000000000000
00000011110001111100000000000000
00000011100000011110000000000000
00000011100000000111000000000000
00000001100000000011000000000000
00000001110000000011100000000000
00000000110000000011100000000000
00000000111110000011000000000000
00000000011111000111000000000000
00000000000111111110000000000000
00000000000001111100000000000000
00000000000000111100000000000000
00000000000001111100000000000000
00000000000011100110000000000000
00000000000111000110000000000000
00000000001110000011000000000000
00000000001100000011100000000000
00000000011100000011100000000000
00000000011000000011100000000000
00000000111000000011100000000000
00000000111000000011100000000000
00000000011000000011100000000000
00000000011100000111000000000000
00000000001111111110000000000000
00000000000111111100000000000000
00000000000011111000000000000000
00000000000000000000000000000000
00000000000000000000000000000000
00000000000000000000000000000000
