00000000000000000000000000000000
00000000000111000000000000000000
00000000011111110000000000000000
00000000111111111000000000000000
00000001111000111100000000000000
00000011100000001110000000000000
00000011100000000111000000000000
00000011100000000111000000000000
00000001110000001111000000000000
00000001111100011100000000000000
00000000011111011100000000000000
00000000000111111000000000000000
00000000000001111000000000000000
00000000000001111100000000000000
00000000000011101110000000000000
00000000000011000111100000000000
00000000000111000011100000000000
00000000000110000001110000000000
00000000001110000000110000000000
00000000001110000000111000000000
00000000001110000000111000000000
00000000001100000001110000000000
00000000011100000011100000000000
00000000001100001111000000000000
00000000001111111110000000000000
00000000000111111100000000000000
00000000000011110000000000000000
00000000000000000000000000000000
00000000000000000000000000000000
00000000000000000000000000000000
00000000000000000000000000000000
00000000000000000000000000000000
