00000000000000000000000000000000
00000000000000000000000000000000
00000000000000000000000000000000
00000000000001000000000000000000
00000000000111110000000000000000
00000000001111111000000000000000
00000000111100011100000000000000
00000000111000001110000000000000
00000001110000000110000000000000
00000001110000000111000000000000
00000011100000000110000000000000
00000001100000001100000000000000
00000001110000011100000000000000
00000000111100011100000000000000
00000000011100111000000000000000
00000000000111110000000000000000
00000000000111110000000000000000
00000000000011111000000000000000
00000000000111011100000000000000
00000000001110001110000000000000
00000000001110000110000000000000
00000000001100000111000000000000
00000000011100000111000000000000
00000000011100000111000000000000
00000000001100000111000000000000
00000000001111111111000000000000
00000000000111111110000000000000
00000000000111111000000000000000
00000000000000000000000000000000
00000000000000000000000000000000
00000000000000000000000000000000
00000000000000000000000000000000
