00000000000000000000000000000000
00000000000000000000000000000000
00000000000000000000000000000000
00000000000000000000000000000000
00000000000001111110000000000000
00000000000111111111000000000000
00000000001111111111000000000000
00000000011100000000000000000000
00000000011000000000000000000000
00000000111000000001000000000000
00000000111000000011100000000000
00000000111000000111100000000000
00000000011000001111100000000000
00000000011100111111100000000000
00000000001111111111000000000000
00000000000111100111000000000000
00000000000011000111000000000000
00000000000000000111000000000000
00000000000000000111000000000000
00000000000000000111000000000000
00000000000000000111000000000000
00000000000000000111000000000000
00000000000000000111000000000000
00000000000000000111000000000000
00000000000000000111000000000000
00000000000000000111000000000000
00000000000000000011000000000000
00000000000000000010000000000000
00000000000000000000000000000000
00000000000000000000000000000000
00000000000000000000000000000000
00000000000000000000000000000000
