00000000000000000000000000000000
00000000000000000000000000000000
00000000000000000000000000000000
00000000000000000000000000000000
00000000000000100000000000000000
00000000000011111100000000000000
00000000000111111110000000000000
00000000001111011111000000000000
00000000011100000011100000000000
00000000111000000001100000000000
00000000111000000000000000000000
00000000111000000011000000000000
00000000111000000111100000000000
00000000111000111111000000000000
00000000011111111111000000000000
00000000011111110111000000000000
00000000001111000111000000000000
00000000000000000110000000000000
00000000000000001110000000000000
00000000000000001110000000000000
00000000000000011100000000000000
00000000000000011100000000000000
00000000000000011100000000000000
00000000000000011100000000000000
00000000000000011000000000000000
00000000000000111000000000000000
00000000000000011000000000000000
00000000000000010000000000000000
00000000000000000000000000000000
00000000000000000000000000000000
00000000000000000000000000000000
00000000000000000000000000000000
