00000000000000000000000000000000
00000000000011000000000000000000
00000000000111110000000000000000
00000000001111111000000000000000
00000000011100111100000000000000
00000000111000001110000000000000
00000001110000000111000000000000
00000001110000000111100000000000
00000011100000001111000000000000
00000001100000011110000000000000
00000001110001111110000000000000
00000001110011111110000000000000
00000000111111001110000000000000
00000000111110001100000000000000
00000000011100011100000000000000
00000000000000011100000000000000
00000000000000011100000000000000
00000000000000011000000000000000
00000000000000111000000000000000
00000000000000111000000000000000
00000000000000111000000000000000
00000000000000110000000000000000
00000000000001110000000000000000
00000000000001110000000000000000
00000000000001110000000000000000
00000000000000110000000000000000
00000000000000100000000000000000
00000000000000000000000000000000
00000000000000000000000000000000
00000000000000000000000000000000
00000000000000000000000000000000
00000000000000000000000000000000
