00000000000000000000000000000000
00000000000000000000000000000000
00000000000000000000000000000000
00000000000000000000000000000000
00000000000000000000000000000000
00000000001111111100000000000000
00000000011111111110000000000000
00000001111111111111000000000000
00000001110000000010000000000000
00000011100000000010000000000000
00000111000000000111000000000000
00000111000000000111000000000000
00000111000000001111000000000000
00000111000000001110000000000000
00000111000000011100000000000000
00000011000000111100000000000000
00000011000001111100000000000000
00000001111111111000000000000000
00000001111111111000000000000000
00000000111110111000000000000000
00000000000000111000000000000000
00000000000000110000000000000000
00000000000001110000000000000000
00000000000001110000000000000000
00000000000001110000000000000000
00000000000011100000000000000000
00000000000011100000000000000000
00000000000001100000000000000000
00000000000001000000000000000000
00000000000000000000000000000000
00000000000000000000000000000000
00000000000000000000000000000000
