00000000000000000000000000000000
00000000000000000000000000000000
00000000000000000000000000000000
00000000000000000000000000000000
00000000000111111100000000000000
00000000001111111110000000000000
00000000011111111111000000000000
00000000111000000011000000000000
00000000110000000000000000000000
00000001110000000100000000000000
00000001110000001110000000000000
00000001110000001110000000000000
00000001110000001110000000000000
00000000110000111110000000000000
00000000110001111110000000000000
00000000011111101110000000000000
00000000011111001100000000000000
00000000001110011100000000000000
00000000000000011100000000000000
00000000000000011100000000000000
00000000000000011100000000000000
00000000000000011100000000000000
00000000000000011100000000000000
00000000000000011100000000000000
00000000000000011100000000000000
00000000000000011100000000000000
00000000000000001100000000000000
00000000000000001000000000000000
00000000000000000000000000000000
00000000000000000000000000000000
00000000000000000000000000000000
00000000000000000000000000000000
