00000000000000000000000000000000
00000000000000000000000000000000
00000000000000000000000000000000
00000000011111110000000000000000
00000000111111111000000000000000
00000001111111111100000000000000
00000001110000001110000000000000
00000011100000000110000000000000
00000001100000001110000000000000
00000001110000011110000000000000
00000000110000111100000000000000
00000000011111111100000000000000
00000000011111111100000000000000
00000000001111111000000000000000
00000000000000111000000000000000
00000000000000111000000000000000
00000000000000111000000000000000
00000000000000110000000000000000
00000000000001110000000000000000
00000000000001110000000000000000
00000000000001110000000000000000
00000000000001110000000000000000
00000000000001110000000000000000
00000000000001110000000000000000
00000000000001110000000000000000
00000000000001110000000000000000
00000000000001110000000000000000
00000000000001100000000000000000
00000000000000000000000000000000
00000000000000000000000000000000
00000000000000000000000000000000
00000000000000000000000000000000
