00000000000000000000000000000000
00000000000000000000000000000000
00000000000000000000000000000000
00000000000000000000000000000000
00000000000001110000000000000000
00000000000111111100000000000000
00000000001111111110000000000000
00000000011100000110000000000000
00000000011100000111000000000000
00000000011000000111000000000000
00000000110000000111000000000000
00000001100000000111000000000000
00000011100000000111000000000000
00000011100000001110000000000000
00000011100000001110000000000000
00000011100000001100000000000000
00000011100000011100000000000000
00000011100000011100000000000000
00000011100000111000000000000000
00000001100000111000000000000000
00000001100001110000000000000000
00000001110011110000000000000000
00000000111111100000000000000000
00000000111110000000000000000000
00000000001100000000000000000000
00000000000000000000000000000000
00000000000000000000000000000000
00000000000000000000000000000000
00000000000000000000000000000000
00000000000000000000000000000000
00000000000000000000000000000000
00000000000000000000000000000000
