00000000000000000000000000000000
00000000000000000000000000000000
00000000000000000000000000000000
00000000000000000000000000000000
00000000000000000000000000000000
00000000000000000000000000000000
00000000000000000000000000000000
00000000000000000000000000000000
00000000011100000000000000000000
00000001111110000000000000000000
00000011111111100000000000000000
00000111100001110000000000000000
00000111000001111000000000000000
00000111000000011100000000000000
00000011000000001110000000000000
00000011100000001110000000000000
00000001100000011100000000000000
00000001111001111000000000000000
00000000111111110000000000000000
00000000011111100000000000000000
00000000000110000000000000000000
00000000000000000000000000000000
00000000000000000000000000000000
00000000000000000000000000000000
00000000000000000000000000000000
00000000000000000000000000000000
00000000000000000000000000000000
00000000000000000000000000000000
00000000000000000000000000000000
00000000000000000000000000000000
00000000000000000000000000000000
00000000000000000000000000000000
