00000000000000000000000000000000
00000000000000000000000000000000
00000000000000000000000000000000
00000000000000000000000000000000
00000000000000000000000000000000
00000000000000000000000000000000
00000000000000000000000000000000
00000000000000111000000000000000
00000000000011111100000000000000
00000000000111111110000000000000
00000000001110000110000000000000
00000000001110000010000000000000
00000000011100000011000000000000
00000000011100000011100000000000
00000000111000000011100000000000
00000000111000000001100000000000
00000000111000000001110000000000
00000000111000000001110000000000
00000000011000000001110000000000
00000000011100000001110000000000
00000000001110000001110000000000
00000000000111111111110000000000
00000000000011111111100000000000
00000000000000111111000000000000
00000000000000000000000000000000
00000000000000000000000000000000
00000000000000000000000000000000
00000000000000000000000000000000
00000000000000000000000000000000
00000000000000000000000000000000
00000000000000000000000000000000
00000000000000000000000000000000
