00000000000000000000000000000000
00000000000000000000000000000000
00000000000000000000000000000000
00000000000000000000000000000000
00000000000000000000000000000000
00000000000000000000000000000000
00000000000000000000000000000000
00000000000000110000000000000000
00000000000001111100000000000000
00000000000011111100000000000000
00000000000111001100000000000000
00000000001110001100000000000000
00000000011100001110000000000000
00000000011000001110000000000000
00000000111000001110000000000000
00000001110000001110000000000000
00000001110000001110000000000000
00000011100000000110000000000000
00000011100000000110000000000000
00000011100000000111000000000000
00000001100000000111000000000000
00000001100000000111000000000000
00000001110000000111000000000000
00000000110000000111000000000000
00000000111000000111000000000000
00000000011000000111000000000000
00000000011100000111000000000000
00000000011100001110000000000000
00000000001111111110000000000000
00000000001111111100000000000000
00000000000111110000000000000000
00000000000000000000000000000000
