00000000000000000000000000000000
00000000000000000000000000000000
00000000000000000000000000000000
00000000000000000000000000000000
00000000000000000000000000000000
00000000000000000000000000000000
00000000000000000000000000000000
00000000000000000000000000000000
00000000000011100000000000000000
00000000001111111110000000000000
00000000011111110111100000000000
00000000111100000011110000000000
00000001110000000000111000000000
00000001110000000000011000000000
00000011100000000000011100000000
00000011100000000000011100000000
00000001100000000000011100000000
00000001100000000000011100000000
00000001110000000000011100000000
00000000110000000000011000000000
00000000110000000000111000000000
00000000111000000001110000000000
00000000011000000011110000000000
00000000011111111111100000000000
00000000001111111110000000000000
00000000000111111000000000000000
00000000000000000000000000000000
00000000000000000000000000000000
00000000000000000000000000000000
00000000000000000000000000000000
00000000000000000000000000000000
00000000000000000000000000000000
