00000000000000000000000000000000
00000000000000000000000000000000
00000000000000000000000000000000
00000000000000000000000000000000
00000000000000000000000000000000
00000000000000000000000000000000
00000000000000000000000000000000
00000000000011100000000000000000
00000000000111111000000000000000
00000000001111111100000000000000
00000000011100001110000000000000
00000000011000000111000000000000
00000000111000000010000000000000
00000000111000000011000000000000
00000000111000000011100000000000
00000000111000000001110000000000
00000000111000000000111000000000
00000000011000000000011100000000
00000000011000000000011100000000
00000000011100000000011100000000
00000000001100000000011100000000
00000000001110000000011100000000
00000000000111100001111000000000
00000000000011111111110000000000
00000000000001111111100000000000
00000000000000011110000000000000
00000000000000000000000000000000
00000000000000000000000000000000
00000000000000000000000000000000
00000000000000000000000000000000
00000000000000000000000000000000
00000000000000000000000000000000
