00000000000011110000000000000000
00000000001111111100000000000000
00000000011111111110000000000000
00000000111111111110000000000000
00000001111111011110000000000000
00000001111100011110000000000000
00000001111000011110000000000000
00000001111000011110000000000000
00000001111000011110000000000000
00000000111000011110000000000000
00000000000000111110000000000000
00000000000001111110000000000000
00000000000001111100000000000000
00000000000011111000000000000000
00000000000011111000000000000000
00000000000111110000000000000000
00000000001111110000000000000000
00000000011111100000000000000000
00001111111111000011111000000000
00011111111111111111111110000000
00011111111111111111111110000000
00011111111111111111111110000000
00001111111111111111000000000000
00000000000000000000000000000000
00000000000000000000000000000000
00000000000000000000000000000000
00000000000000000000000000000000
00000000000000000000000000000000
00000000000000000000000000000000
00000000000000000000000000000000
00000000000000000000000000000000
00000000000000000000000000000000
