00000000000000000000000000000000
00000000000000000000000000000000
00000000000000000000000000000000
00000000000000000000000000000000
00000000000000000000000000000000
00000000000000000000000000000000
00000000010000000000000000000000
00000000111100000000000000000000
00000001111110000000000000000000
00000000111111000000000000000000
00000000001111000000000000000000
00000000001111000000000000000000
00000000001111000000000000000000
00000000001111000000000000000000
00000000011111000000000000000000
00000000111110000000000000000000
00000001111110000000000000000000
00000011111100000000000000000000
00000111111000000000011111000000
00001111110000000111111111110000
00011111100000111111111111110000
00111111111111111111111111110000
11111111111111111111110000000000
11111111111111111100000000000000
11111111111111000000000000000000
11111100000000000000000000000000
00000000000000000000000000000000
00000000000000000000000000000000
00000000000000000000000000000000
00000000000000000000000000000000
00000000000000000000000000000000
00000000000000000000000000000000
