00000000000000000000000000000000
00000000000000000000000000000000
00000000000000000000000000000000
00000000000000000000000000000000
00000000000000000000000000000000
00000000000111000000000000000000
00000000001111100000000000000000
00000000001111110000000000000000
00000000001000111000000000000000
00000000000000011100000000000000
00000000000000001100000000000000
00000000000000001100000000000000
00000000000000001110000000000000
00000000000000001110000000000000
00000000000000001110000000000000
00000000000000001110000000000000
00000000000000001100000000000000
00000000000000011100000000000000
00000000000000111000000000000000
00000000000001110000000000000000
00000000000011100000000000000000
00000000000111000011110000000000
00000000001110011111111000000000
00000000011111111111111000000000
00000000011111111100000000000000
00000000011111000000000000000000
00000000000000000000000000000000
00000000000000000000000000000000
00000000000000000000000000000000
00000000000000000000000000000000
00000000000000000000000000000000
00000000000000000000000000000000
