00000000000000000000000000000000
00000000000000000000000000000000
00000000000000111000000000000000
00000000000001111000000000000000
00000011100001111000000000000000
00000111100001111000000000000000
00000111100001111000000000000000
00000111100001111100000000000000
00000111100000111100000000000000
00000111100000111100000000000000
00000111100000111100000000000000
00000111100000111100000000000000
00000111100000111100000000000000
00000111110000111100000000000000
00000111110000111100000000000000
00000011110000111100000000000000
00000011110000111100000000000000
00000011111000111100001110000000
00000011111000111100011110000000
00000001111000111100111110000000
00000001111100111111111110000000
00000001111111111111111100000000
00000000111111111111111000000000
00000000011111111111110000000000
00000000000111111110000000000000
00000000000000111110000000000000
00000000000000111110000000000000
00000000000000011110000000000000
00000000000000011110000000000000
00000000000000011110000000000000
00000000000000011110000000000000
00000000000000011110000000000000
