00000000000000000000000000000000
00000000000000000000000000000000
00000000000000000000000000000000
00000000000000000000000000000000
00000000000000000000000000000000
00000000000000000000000000000000
00000000000001100000000000000000
00000000000011100011000000000000
00000000000111000011000000000000
00000000001110000111000000000000
00000000011100000111000000000000
00000000111000000111000000000000
00000001110000000111000000000000
00000001110000001110000000000000
00000011100000001111100000000000
00000011111111111111110000000000
00000011111111111111110000000000
00000000111111111110000000000000
00000000000000011100000000000000
00000000000000011100000000000000
00000000000000011100000000000000
00000000000000111000000000000000
00000000000000111000000000000000
00000000000000111000000000000000
00000000000000111000000000000000
00000000000000011000000000000000
00000000000000010000000000000000
00000000000000000000000000000000
00000000000000000000000000000000
00000000000000000000000000000000
00000000000000000000000000000000
00000000000000000000000000000000
