00000000000000000000000000000000
00000000000000000000000000000000
00000000000000000000000000000000
00000000001000000000000000000000
00000000011100000000000000000000
00000000011100000000000000000000
00000000111000000000000000000000
00000000111000000000000000000000
00000000111000010000000000000000
00000000110000111000000000000000
00000001110000111000000000000000
00000001110000111000000000000000
00000001110000111000000000000000
00000001110000111000000000000000
00000011100000111000000000000000
00000011100000011000011100000000
00000011111111111111111100000000
00000001111111111111111000000000
00000001111111111111000000000000
00000000000000011100000000000000
00000000000000111000000000000000
00000000000000111000000000000000
00000000000000111000000000000000
00000000000000111000000000000000
00000000000000011000000000000000
00000000000000010000000000000000
00000000000000000000000000000000
00000000000000000000000000000000
00000000000000000000000000000000
00000000000000000000000000000000
00000000000000000000000000000000
00000000000000000000000000000000
