00000000000000000000000000000000
00000000000000000000000000000000
00000000000000000000000000000000
00000000000000000000000000000000
00000000000000000010000000000000
00000000000000000111000000000000
00000000000000000110000000000000
00000000000011000110000000000000
00000000000110001110000000000000
00000000000110001110000000000000
00000000001110001110000000000000
00000000001100001110000000000000
00000000001100001110000000000000
00000000011100001110000000000000
00000000111000001110000000000000
00000001110000001110000000000000
00000001110000001110000000000000
00000001100000001110000000000000
00000011100000001110111100000000
00000011100000001111111110000000
00000011111111111111111110000000
00000011111111111110000000000000
00000011111111001110000000000000
00000000000000001110000000000000
00000000000000001110000000000000
00000000000000001110000000000000
00000000000000001110000000000000
00000000000000001110000000000000
00000000000000001110000000000000
00000000000000000110000000000000
00000000000000000100000000000000
00000000000000000000000000000000
