00000000000000000000000000000000
00000000000000000000000000000000
00000000000000000000000000000000
00000000000000000000000000000000
00000000000001000000000000000000
00000000000011100000000000000000
00000000000011100000000000000000
00000000000111000000000000000000
00000000000111000000000000000000
00000000001110001000000000000000
00000000001100011100000000000000
00000000011100011100000000000000
00000000011000011100000000000000
00000000111000011100000000000000
00000000111000011100000000000000
00000001110000011100000000000000
00000001110000011100000000000000
00000001110000011100000000000000
00000011100000011101111000000000
00000011111111111111111100000000
00000011111111111111111100000000
00000011111111111100000000000000
00000000000000011100000000000000
00000000000000011100000000000000
00000000000000011100000000000000
00000000000000011100000000000000
00000000000000011100000000000000
00000000000000011100000000000000
00000000000000001100000000000000
00000000000000001000000000000000
00000000000000000000000000000000
00000000000000000000000000000000
