00000000000000000000000000000000
00000000000000000000000000000000
00000000000000011110000000000000
00000000000000111111000000000000
00000000000010111111000000000000
00000000000111000000000000000000
00000000000110000000000000000000
00000000001110000000000000000000
00000000001111100000000000000000
00000000000111111000000000000000
00000000000111111100000000000000
00000000000000001110000000000000
00000000000000000111000000000000
00000000000000000111000000000000
00000000000000000110000000000000
00000000000000001110000000000000
00000000000000011100000000000000
00000000000000011100000000000000
00000000011111111000000000000000
00000000111111110000000000000000
00000000111111000000000000000000
00000000000000000000000000000000
00000000000000000000000000000000
00000000000000000000000000000000
00000000000000000000000000000000
00000000000000000000000000000000
00000000000000000000000000000000
00000000000000000000000000000000
00000000000000000000000000000000
00000000000000000000000000000000
00000000000000000000000000000000
00000000000000000000000000000000
