00000000000000000000000000000000
00000000000000000000000000000000
00000000000000000000000000000000
00000000000000000000000000000000
00000000101111111100000000000000
00000001111111111100000000000000
00000001111111110000000000000000
00000001110000000000000000000000
00000001110000000000000000000000
00000011100001111000000000000000
00000011100111111110000000000000
00000011111111111111100000000000
00000001111100000111100000000000
00000001100000000000110000000000
00000000000000000000110000000000
00000000000000000000111000000000
00000000000000000000110000000000
00000000000000000001110000000000
00000000000000000011100000000000
00000000000000000111000000000000
00000000000111111110000000000000
00000000001111111100000000000000
00000000001111111000000000000000
00000000000000000000000000000000
00000000000000000000000000000000
00000000000000000000000000000000
00000000000000000000000000000000
00000000000000000000000000000000
00000000000000000000000000000000
00000000000000000000000000000000
00000000000000000000000000000000
00000000000000000000000000000000
