00000000000000000000000000000000
00000000000000000000000000000000
00000000000000000000000000000000
00000000000000000000000000000000
00000000000000000000000000000000
00000000010000010000000000000000
00000000111111111000000000000000
00000000111111111000000000000000
00000000111111100000000000000000
00000000111000000000000000000000
00000000110000000000000000000000
00000001110000000000000000000000
00000001110000000000000000000000
00000001110000000000000000000000
00000000111110000000000000000000
00000000111111000000000000000000
00000000011111110000000000000000
00000000000001110000000000000000
00000000000000011000000000000000
00000000000000011100000000000000
00000000000000011100000000000000
00000000000000011100000000000000
00000000000000011100000000000000
00000000000000011100000000000000
00000000000001111100000000000000
00000000011111111000000000000000
00000000111111110000000000000000
00000000111110000000000000000000
00000000000000000000000000000000
00000000000000000000000000000000
00000000000000000000000000000000
00000000000000000000000000000000
