00000000000000000000000000000000
00000000000000000000000000000000
00000000000000000000000000000000
00000000000000000000000000000000
00000000000100000000000000000000
00000000001110000000000000000000
00000000001111111000000000000000
00000000001111111100000000000000
00000000001111111100000000000000
00000000001110000000000000000000
00000000001110000000000000000000
00000000011100000000000000000000
00000000011111100000000000000000
00000000001111110000000000000000
00000000001111111100000000000000
00000000000000011100000000000000
00000000000000000110000000000000
00000000000000000111000000000000
00000000000000000111000000000000
00000000000000000111000000000000
00000000000000000111000000000000
00000000000000000111000000000000
00000000000000001110000000000000
00000000100000001100000000000000
00000001111111111100000000000000
00000001111111111000000000000000
00000000001111110000000000000000
00000000000000000000000000000000
00000000000000000000000000000000
00000000000000000000000000000000
00000000000000000000000000000000
00000000000000000000000000000000
