00000000000000000000000000000000
00000000000000000000000000000000
00000000000000000000000000000000
00000000000000011000000000000000
00000000000000111000000000000000
00000000000001110000000000000000
00000000000011100000000000000000
00000000000111000000000000000000
00000000001110000000000000000000
00000000011100000000000000000000
00000000111000000000000000000000
00000000111000000000000000000000
00000001110000000000000000000000
00000001110000000000000000000000
00000001100000000000000000000000
00000011100000000000000000000000
00000011100000000000000000000000
00000011100001111110000000000000
00000001100111111111000000000000
00000001111111111111100000000000
00000001111100000001110000000000
00000001110000000000111000000000
00000001110000000000111000000000
00000001110000000000111000000000
00000000110000000001110000000000
00000000111000000011100000000000
00000000011111111111000000000000
00000000001111111110000000000000
00000000000111111100000000000000
00000000000000000000000000000000
00000000000000000000000000000000
00000000000000000000000000000000
