00000000000000000000000000000000
00000000000000000000000000000000
00000000000000000000000000000000
00000000000000000000000000000000
00000000000000000000000000000000
00000000000000000000000000000000
00000000000000000000000000000000
00000000000000011100000000000000
00000000000001111100000000000000
00000000000011110000000000000000
00000000001111100000000000000000
00000000011110000000000000000000
00000000111000000000000000000000
00000000110000000000000000000000
00000001110000000000000000000000
00000011100000000000000000000000
00000011100000000000000000000000
00000011000000110000000000000000
00000111000111111100000000000000
00000011001111111110000000000000
00000011111111000111000000000000
00000001111000000011000000000000
00000000110000000001100000000000
00000000110000000001100000000000
00000000011000000001110000000000
00000000011000000001110000000000
00000000001100000001100000000000
00000000001110000111100000000000
00000000000111111111000000000000
00000000000011111110000000000000
00000000000001111000000000000000
00000000000000000000000000000000
