00000000000000000000000000000000
00000000000000000000000000000000
00000000000000000000000000000000
00000000000000011000000000000000
00000000000111111100000000000000
00000000011111111100000000000000
00000000111111100000000000000000
00000001111000000000000000000000
00000011100000000000000000000000
00000111000000000000000000000000
00000110000000000000000000000000
00001110000000000000000000000000
00001100000000000000000000000000
00011100000000000000000000000000
00011000000000000000000000000000
00111000000000000000000000000000
00111000000111110000000000000000
00111000011111111000000000000000
00111000111111111110000000000000
00011001111000001110000000000000
00011001100000000111000000000000
00001100000000000111000000000000
00001100000000000111000000000000
00000110000000001111000000000000
00000111111111111110000000000000
00000011111111111000000000000000
00000001111111100000000000000000
00000000000000000000000000000000
00000000000000000000000000000000
00000000000000000000000000000000
00000000000000000000000000000000
00000000000000000000000000000000
