00000000000000000000000000000000
00000000000000000000000000000000
00000000000000000000000000000000
00000000000000000000000000000000
00000000000000011000000000000000
00000000000011111100000000000000
00000000001111111100000000000000
00000000011111100000000000000000
00000001111100000000000000000000
00000001110000000000000000000000
00000111100000000000000000000000
00000111000000000000000000000000
00001110000000000000000000000000
00001100000000000000000000000000
00011100000000000000000000000000
00011100000000000000000000000000
00001100001111111000000000000000
00001111111111111100000000000000
00001111111111111110000000000000
00000111110000000111000000000000
00000111000000000111000000000000
00000011100000001110000000000000
00000001110000111100000000000000
00000000111111111000000000000000
00000000011111110000000000000000
00000000000111000000000000000000
00000000000000000000000000000000
00000000000000000000000000000000
00000000000000000000000000000000
00000000000000000000000000000000
00000000000000000000000000000000
00000000000000000000000000000000
