00000000000000000000000000000000
00000000000000000000000000000000
00000000000000000000000000000000
00000000000000000000000000000000
00000000000000000000000000000000
00000000000000000000000000000000
00000000000000000011000000000000
00000000000000011111100000000000
00000000000001111111100000000000
00000000000111111000000000000000
00000000001111100000000000000000
00000000011100000000000000000000
00000000111000000000000000000000
00000001110000000000000000000000
00000011100000000000000000000000
00000011000000000000000000000000
00000111000000000000000000000000
00000111001111110000000000000000
00001111111111111000000000000000
00001111111111111100000000000000
00001111100000001110000000000000
00001110000000001110000000000000
00001110000000001110000000000000
00000110000000011100000000000000
00000111000000111000000000000000
00000011111111110000000000000000
00000001111111100000000000000000
00000000111110000000000000000000
00000000000000000000000000000000
00000000000000000000000000000000
00000000000000000000000000000000
00000000000000000000000000000000
