00000000000000000000000000000000
00000000000000000000000000000000
00000000000000000000000000000000
00000000000000000000000000000000
00000000111110000110000000000000
00000001111111000111000000000000
00000011100111000110000000000000
00000111000000001110000000000000
00000111000000001110000000000000
00000111000000011100000000000000
00000111000000011100000000000000
00000111000000111000000000000000
00000011000000110000000000000000
00000011100001110000000000000000
00000001100011100000000000000000
00000000111111000000000000000000
00000000111111000000000000000000
00000000011111100000000000000000
00000000001111110000000000000000
00000000001111111000000000000000
00000000011100011100000000000000
00000000011100001110000000000000
00000000111000001110000000000000
00000000111000001110000000000000
00000000110000001100000000000000
00000000110000111100000000000000
00000000111111111000000000000000
00000000011111100000000000000000
00000000001111000000000000000000
00000000000000000000000000000000
00000000000000000000000000000000
00000000000000000000000000000000
