00000000000000000000000000000000
00000000000000000000000000000000
00000000000000000000000000000000
00000000000000000000000000000000
00000000000011000000000000000000
00000000000111111000000000000000
00000000001111111110000000000000
00000000011100111111000000000000
00000000111000000111100000000000
00000000111000000011110000000000
00000000110000000111110000000000
00000001110000000111000000000000
00000001110000001110000000000000
00000001110000001110000000000000
00000000110000001100000000000000
00000000111000011100000000000000
00000000011111111000000000000000
00000000001111111100000000000000
00000000000011111110000000000000
00000000000011011111000000000000
00000000000111000011100000000000
00000000000111000001110000000000
00000000000111000000111000000000
00000000001110000000111000000000
00000000001110000000111000000000
00000000000110000001110000000000
00000000000111111111100000000000
00000000000011111111000000000000
00000000000001111100000000000000
00000000000000000000000000000000
00000000000000000000000000000000
00000000000000000000000000000000
