00000000000000000000000000000000
00000000001110000000000000000000
00000000011111000000000000000000
00000000111111100000000000000000
00000001110001110000000000000000
00000011100000111000000000000000
00000011000000011100000000000000
00000011100000001110000000000000
00000001100000001111000000000000
00000000110000011110000000000000
00000000111000011100000000000000
00000000011110111000000000000000
00000000001111111000000000000000
00000000000011110000000000000000
00000000000001110000000000000000
00000000000011111100000000000000
00000000000111011110000000000000
00000000000110000111000000000000
00000000000110000011000000000000
00000000001110000011100000000000
00000000001100000011100000000000
00000000011100000011100000000000
00000000011000000011100000000000
00000000111000000011100000000000
00000000111000000011100000000000
00000000110000000111000000000000
00000000110000000111000000000000
00000000111000001110000000000000
00000000011111111100000000000000
00000000011111111000000000000000
00000000000111110000000000000000
00000000000000000000000000000000
