00000000000000000000000000000000
00000000000000000000000000000000
00000000000111110000000000000000
00000000011111111000000000000000
00000000011111111100000000000000
00000000111000011100000000000000
00000001110000011110000000000000
00000001110000111111000000000000
00000001100001110011000000000000
00000001110001110010000000000000
00000000111001100000000000000000
00000000011111100000000000000000
00000000001111100000000000000000
00000000000111100000000000000000
00000000000111110000000000000000
00000000000111111000000000000000
00000000000110011100000000000000
00000000001110001100000000000000
00000000001100001110000000000000
00000000001100001110000000000000
00000000011100001110000000000000
00000000011000001110000000000000
00000000111000001110000000000000
00000001110000001110000000000000
00000000110000111100000000000000
00000000111111111000000000000000
00000000011111110000000000000000
00000000001111000000000000000000
00000000000000000000000000000000
00000000000000000000000000000000
00000000000000000000000000000000
00000000000000000000000000000000
