00000000000000000000000000000000
00000000000000000000000000000000
00000000000000000000000000000000
00000000000000000000000000000000
00000000000111100000000000000000
00000000001111110000000000000000
00000000111111111000000000000000
00000001111000011100000000000000
00000001100000001110000000000000
00000011100000001110000000000000
00000111000000011111000000000000
00000111000000111110000000000000
00000111000001110100000000000000
00000011000001100000000000000000
00000011000011000000000000000000
00000001100011000000000000000000
00000001100011000000000000000000
00000000111110000000000000000000
00000000111110000000000000000000
00000000011110000000000000000000
00000000011111000000000000000000
00000000011111100000000000000000
00000000011101110000000000000000
00000000011100111000000000000000
00000000001100011100000000000000
00000000001100001110000000000000
00000000001110000110000000000000
00000000001110000011000000000000
00000000000110000011100000000000
00000000000110000011100000000000
00000000000011111111000000000000
00000000000011111110000000000000
