00000000000111000000000000000000
00000000001111100000000000000000
00000000111111110000000000000000
00000000111000111000000000000000
00000001110000011000000000000000
00000011100000011000000000000000
00000011100000011100000000000000
00000011100000001100000000000000
00000001100000001110000000000000
00000001110000001110000000000000
00000000111000001100000000000000
00000000111100011100000000000000
00000000001111111000000000000000
00000000000111111000000000000000
00000000000011110000000000000000
00000000000111111000000000000000
00000000000111011100000000000000
00000000001110001100000000000000
00000000001100000110000000000000
00000000011000000110000000000000
00000000011000000111000000000000
00000000110000000111000000000000
00000001110000000111000000000000
00000001100000000111000000000000
00000011100000000111000000000000
00000011100000000111000000000000
00000011000000011110000000000000
00000011000011111000000000000000
00000011111111110000000000000000
00000001111111000000000000000000
00000001111100000000000000000000
00000000000000000000000000000000
