00000000000000000000000000000000
00000000000000000000000000000000
00000000000111000000000000000000
00000000011111110000000000000000
00000000111111111000000000000000
00000001110000011100000000000000
00000011100000001100000000000000
00000111000000001110000000000000
00000111000000000110000000000000
00000111000000000110000000000000
00000111000000000011000000000000
00000011000000000010000000000000
00000011100000000111000000000000
00000001111100000111000000000000
00000000111111000111000000000000
00000000011111110111000000000000
00000000000011111111000000000000
00000000000000011110000000000000
00000000000000111110000000000000
00000000000001111110000000000000
00000000000111100111000000000000
00000000000111000111000000000000
00000000001110000111000000000000
00000000001100000111000000000000
00000000011100000111000000000000
00000000011100000111000000000000
00000000001110001110000000000000
00000000001111111100000000000000
00000000000011111000000000000000
00000000000001110000000000000000
00000000000000000000000000000000
00000000000000000000000000000000
