00000000000000000000000000000000
00000000001111100000000000000000
00000000011111111000000000000000
00000000111111111100000000000000
00000000111000011110000000000000
00000001110000000111000000000000
00000001110000000011100000000000
00000001110000000011110000000000
00000001100000000111100000000000
00000001110000001111100000000000
00000000111111111111100000000000
00000000111111111111000000000000
00000000011111111111000000000000
00000000000000001110000000000000
00000000000000001110000000000000
00000000000000001110000000000000
00000000000000011100000000000000
00000000000000011100000000000000
00000000000000011100000000000000
00000000000000011100000000000000
00000000000000011000000000000000
00000000000000111000000000000000
00000000000000111000000000000000
00000000000000111000000000000000
00000000000000011000000000000000
00000000000000010000000000000000
00000000000000000000000000000000
00000000000000000000000000000000
00000000000000000000000000000000
00000000000000000000000000000000
00000000000000000000000000000000
00000000000000000000000000000000
