00000000000000000000000000000000
00000000000000000000000000000000
00000000000011000000000000000000
00000000000111111000000000000000
00000000001111111100000000000000
00000000011100011110000000000000
00000000111000000111000000000000
00000001110000000010000000000000
00000001110000000110000000000000
00000011100000001110000000000000
00000011100000001110000000000000
00000011100000011100000000000000
00000011100000111100000000000000
00000001100011111000000000000000
00000001111111111000000000000000
00000000111111111000000000000000
00000000001100111000000000000000
00000000000000111000000000000000
00000000000000111000000000000000
00000000000000110000000000000000
00000000000001110000000000000000
00000000000001110000000000000000
00000000000001110000000000000000
00000000000001110000000000000000
00000000000001110000000000000000
00000000000001110000000000000000
00000000000000110000000000000000
00000000000000100000000000000000
00000000000000000000000000000000
00000000000000000000000000000000
00000000000000000000000000000000
00000000000000000000000000000000
