00000000000000000000000000000000
00000000000000000000000000000000
00000000000000000000000000000000
00000000000011000000000000000000
00000000001111110000000000000000
00000000011111111000000000000000
00000000111100111100000000000000
00000000110000001110000000000000
00000001110000000100000000000000
00000011100000000000000000000000
00000011100000000000000000000000
00000011100000000100000000000000
00000001100000001110000000000000
00000001100000111110000000000000
00000000111111111100000000000000
00000000111111111100000000000000
00000000011111011100000000000000
00000000000000011100000000000000
00000000000000011000000000000000
00000000000000111000000000000000
00000000000000111000000000000000
00000000000000111000000000000000
00000000000000111000000000000000
00000000000001110000000000000000
00000000000001110000000000000000
00000000000001110000000000000000
00000000000001110000000000000000
00000000000000110000000000000000
00000000000000100000000000000000
00000000000000000000000000000000
00000000000000000000000000000000
00000000000000000000000000000000
